radix	1 1 1111 1111 1111 1111 1111 1111 1111 1111 
vname	rst invalid inIFM1_[3:0] inIFM2_[3:0] inIFM3_[3:0] inIFM4_[3:0] inW1_[3:0] inW2_[3:0] inW3_[3:0] inW4_[3:0] 
io	i i iiii iiii iiii iiii iiii iiii iiii iiii 
tunit ps
slope 10
vih 0.7
vil 0
period 1000

0 0 0000 0000 0000 0000 0000 0000 0000 0000 
1 1 0000 0000 0000 0000 0000 0000 0000 0000 
1 1 0011 1010 1010 1010 1010 1111 1011 1100 
1 1 1010 1010 1010 1010 1010 1111 1011 1100 
1 1 1110 1111 1011 1110 0111 0101 1011 0111 
1 1 1000 1010 1011 0001 1101 0101 1011 1111 
1 1 0010 0001 0111 0001 1101 0101 0111 0001 
1 1 1000 1010 0011 0101 1110 0001 1011 1000 
1 1 1000 1010 1001 1111 1101 0001 1011 1000 
1 1 1000 1000 1111 0001 0111 0101 1011 0000 
1 1 1001 1011 0010 0001 1000 0101 0011 0100 
1 1 1001 1000 0010 0001 1001 0111 0011 0101 
1 1 1000 1011 1010 0001 1001 0101 0001 0101 


